AAA:2660   2.46105%
AAC:1172   1.08434%
AAG:1868   1.72829%
AAT:1936   1.7912%
ACA:1968   1.82081%
ACC:1236   1.14355%
ACG:364   0.336775%
ACT:1600   1.48033%
AGA:2276   2.10577%
AGC:1592   1.47293%
AGG:2132   1.97254%
AGT:2024   1.87262%
ATA:1428   1.32119%
ATC:1180   1.09174%
ATG:2012   1.86152%
ATT:2464   2.27971%
CAA:1676   1.55065%
CAC:1908   1.76529%
CAG:2744   2.53877%
CAT:2004   1.85411%
CCA:2092   1.93553%
CCC:1444   1.336%
CCG:400   0.370083%
CCT:2244   2.07616%
CGA:296   0.273861%
CGC:348   0.321972%
CGG:424   0.392287%
CGT:412   0.381185%
CTA:1196   1.10655%
CTC:1944   1.7986%
CTG:2544   2.35372%
CTT:2184   2.02065%
GAA:1892   1.75049%
GAC:1104   1.02143%
GAG:2472   2.28711%
GAT:1440   1.3323%
GCA:1616   1.49513%
GCC:1592   1.47293%
GCG:440   0.407091%
GCT:1584   1.46553%
GGA:2076   1.92073%
GGC:1720   1.59135%
GGG:1940   1.7949%
GGT:1672   1.54694%
GTA:1116   1.03253%
GTC:1116   1.03253%
GTG:2224   2.05766%
GTT:1828   1.69128%
TAA:1548   1.43222%
TAC:1116   1.03253%
TAG:1244   1.15096%
TAT:1688   1.56175%
TCA:1948   1.8023%
TCC:1680   1.55435%
TCG:376   0.347878%
TCT:2364   2.18719%
TGA:2236   2.06876%
TGC:1700   1.57285%
TGG:2520   2.33152%
TGT:2708   2.50546%
TTA:1816   1.68017%
TTC:2064   1.90963%
TTG:2152   1.99104%
TTT:4284   3.96358%
