AAA:2660   2.47157%
AAC:1171   1.08805%
AAG:1868   1.73567%
AAT:1936   1.79886%
ACA:1962   0.00557496%
ACC:1   0%
ACA:6   0%
ACC:1235   1.14751%
ACG:364   0.338215%
ACT:1600   1.48666%
AGA:2276   2.11477%
AGC:1583   0.00743329%
AGC:1   0%
AGG:1   0%
AGC:8   0%
AGG:2131   1.98004%
AGT:2024   1.88062%
ATA:1428   1.32684%
ATC:1180   1.09641%
ATG:2012   1.86947%
ATT:2464   2.28945%
CAA:1676   1.55727%
CAC:1908   1.77284%
CAG:2744   2.54962%
CAT:2004   1.86204%
CCA:2092   1.9438%
CCC:1444   1.34171%
CCG:400   0.371664%
CCT:2244   2.08504%
CGA:296   0.275032%
CGC:348   0.323348%
CGG:424   0.393964%
CGT:412   0.382814%
CTA:1196   1.11128%
CTC:1944   1.80629%
CTG:2544   2.36379%
CTT:2184   2.02929%
GAA:1892   1.75797%
GAC:1104   1.02579%
GAG:2472   2.29689%
GAT:1440   1.33799%
GCA:1616   1.50152%
GCC:1592   1.47922%
GCG:440   0.408831%
GCT:1584   1.47179%
GGA:2075   1.92801%
GGC:1720   1.59816%
GGG:1940   1.80257%
GGT:1672   1.55356%
GTA:1116   1.03694%
GTC:1116   1.03694%
GTG:2224   2.06645%
GTT:1828   1.69851%
TAA:1548   1.43834%
TAC:1116   1.03694%
TAG:1244   1.15588%
TAT:1688   1.56842%
TCA:1948   1.81001%
TCC:1680   1.56099%
TCG:376   0.349364%
TCT:2364   2.19654%
TGA:2236   2.0776%
TGC:1700   1.57957%
TGG:2520   2.34149%
TGT:2708   2.51617%
TTA:1816   1.68736%
TTC:2064   1.91779%
TTG:2152   1.99955%
TTT:4284   3.98052%
