AAA:665   2.43929%
AAC:293   1.07476%
AAG:467   1.71301%
AAT:484   1.77536%
ACA:492   1.80471%
ACC:309   1.13345%
ACG:91   0.333798%
ACT:400   1.46724%
AGA:569   2.08715%
AGC:398   1.45991%
AGG:533   1.9551%
AGT:506   1.85606%
ATA:357   1.30952%
ATC:295   1.08209%
ATG:503   1.84506%
ATT:616   2.25956%
CAA:419   1.53694%
CAC:477   1.74969%
CAG:686   2.51632%
CAT:501   1.83772%
CCA:523   1.91842%
CCC:361   1.32419%
CCG:100   0.366811%
CCT:561   2.05781%
CGA:74   0.27144%
CGC:87   0.319126%
CGG:106   0.38882%
CGT:103   0.377815%
CTA:299   1.09676%
CTC:486   1.7827%
CTG:636   2.33292%
CTT:546   2.00279%
GAA:473   1.73502%
GAC:276   1.0124%
GAG:618   2.26689%
GAT:360   1.32052%
GCA:404   1.48192%
GCC:398   1.45991%
GCG:110   0.403492%
GCT:396   1.45257%
GGA:519   1.90375%
GGC:430   1.57729%
GGG:485   1.77903%
GGT:418   1.53327%
GTA:279   1.0234%
GTC:279   1.0234%
GTG:556   2.03947%
GTT:457   1.67633%
TAA:387   1.41956%
TAC:279   1.0234%
TAG:311   1.14078%
TAT:422   1.54794%
TCA:487   1.78637%
TCC:420   1.54061%
TCG:94   0.344802%
TCT:591   2.16785%
TGA:559   2.05047%
TGC:425   1.55895%
TGG:630   2.31091%
TGT:677   2.48331%
TTA:454   1.66532%
TTC:516   1.89274%
TTG:538   1.97344%
TTT:1071   3.92854%
