      nonserial     *The Triplets Frequency*

AAA : 6650   2.43929%
AAC : 2930   1.07476%
AAG : 4670   1.71301%
AAT : 4840   1.77536%
ACA : 4920   1.80471%
ACC : 3090   1.13345%
ACG : 910   0.333798%
ACT : 4000   1.46724%
AGA : 5690   2.08715%
AGC : 3980   1.45991%
AGG : 5330   1.9551%
AGT : 5060   1.85606%
ATA : 3570   1.30952%
ATC : 2950   1.08209%
ATG : 5030   1.84506%
ATT : 6160   2.25956%
CAA : 4190   1.53694%
CAC : 4770   1.74969%
CAG : 6860   2.51632%
CAT : 5010   1.83772%
CCA : 5230   1.91842%
CCC : 3610   1.32419%
CCG : 1000   0.366811%
CCT : 5610   2.05781%
CGA : 740   0.27144%
CGC : 870   0.319126%
CGG : 1060   0.38882%
CGT : 1030   0.377815%
CTA : 2990   1.09676%
CTC : 4860   1.7827%
CTG : 6360   2.33292%
CTT : 5460   2.00279%
GAA : 4730   1.73502%
GAC : 2760   1.0124%
GAG : 6180   2.26689%
GAT : 3600   1.32052%
GCA : 4040   1.48192%
GCC : 3980   1.45991%
GCG : 1100   0.403492%
GCT : 3960   1.45257%
GGA : 5190   1.90375%
GGC : 4300   1.57729%
GGG : 4850   1.77903%
GGT : 4180   1.53327%
GTA : 2790   1.0234%
GTC : 2790   1.0234%
GTG : 5560   2.03947%
GTT : 4570   1.67633%
TAA : 3870   1.41956%
TAC : 2790   1.0234%
TAG : 3110   1.14078%
TAT : 4220   1.54794%
TCA : 4870   1.78637%
TCC : 4200   1.54061%
TCG : 940   0.344802%
TCT : 5910   2.16785%
TGA : 5590   2.05047%
TGC : 4250   1.55895%
TGG : 6300   2.31091%
TGT : 6770   2.48331%
TTA : 4540   1.66532%
TTC : 5160   1.89274%
TTG : 5380   1.97344%
TTT : 10710   3.92854%
____________________________________________________________________________
      nonserial     *The Acids Frequency*

Ala : 13080   4.79789%
Arg : 14720   5.39946%
Asn : 7770   2.85012%
Asp : 6360   2.33292%
Cys : 11020   4.04226%
Gln : 11050   4.05326%
Glu : 10910   4.00191%
Gly : 18520   6.79334%
Hls : 9780   3.58741%
Leu : 29590   10.8539%
Lle : 12680   4.65116%
Lys : 11320   4.1523%
Met : 5030   1.84506%
Phe : 15870   5.82129%
Pro : 15450   5.66723%
Ser : 24960   9.1556%
Stop : 12570   4.61081%
Thr : 12920   4.7392%
Trp : 6300   2.31091%
Tyr : 7010   2.57134%
Val : 15710   5.7626%
____________________________________________________________________________
      nonserial     *Time Taken*

Numbers Of Threads: 1
2.42653
